I'll work through this step-by-step.

Start: 28

1. 28 × 4 = 112
2. 112 - 5 = 107
3. 107 × 4 = 428
4. 428 × 4 = 1,712
5. 1,712 + 9 = 1,721
6. 1,721 - 12 = 1,709
7. 1,709 - 12 = 1,697
8. 1,697 × 2 = 3,394
9. 3,394 × 4 = 13,576
10. 13,576 × 4 = 54,304
11. 54,304 × 4 = 217,216
12. 217,216 + 14 = 217,230
13. 217,230 - 10 = 217,220
14. 217,220 + 11 = 217,231
15. 217,231 + 4 = 217,235
16. 217,235 + 14 = 217,249
17. 217,249 + 12 = 217,261
18. 217,261 × 3 = 651,783
19. 651,783 × 2 = 1,303,566
20. 1,303,566 × 4 = 5,214,264
21. 5,214,264 × 2 = 10,428,528
22. 10,428,528 - 12 = 10,428,516
23. 10,428,516 - 13 = 10,428,503
24. 10,428,503 - 13 = 10,428,490
25. 10,428,490 + 6 = 10,428,496
26. 10,428,496 × 2 = 20,856,992
27. 20,856,992 - 9 = 20,856,983
28. 20,856,983 × 2 = 41,713,966
29. 41,713,966 × 3 = 125,141,898
30. 125,141,898 × 4 = 500,567,592
31. 500,567,592 - 9 = 500,567,583
32. 500,567,583 + 15 = 500,567,598
33. 500,567,598 + 8 = 500,567,606
34. 500,567,606 + 4 = 500,567,610
35. 500,567,610 × 2 = 1,001,135,220
36. 1,001,135,220 × 3 = 3,003,405,660
37. 3,003,405,660 - 5 = 3,003,405,655
38. 3,003,405,655 × 4 = 12,013,622,620
39. 12,013,622,620 - 13 = 12,013,622,607
40. 12,013,622,607 - 8 = 12,013,622,599
41. 12,013,622,599 × 4 = 48,054,490,396
42. 48,054,490,396 - 13 = 48,054,490,383
43. 48,054,490,383 × 3 = 144,163,471,149
44. 144,163,471,149 × 4 = 576,653,884,596
45. 576,653,884,596 × 2 = 1,153,307,769,192
46. 1,153,307,769,192 - 6 = 1,153,307,769,186
47. 1,153,307,769,186 × 2 = 2,306,615,538,372
48. 2,306,615,538,372 × 4 = 9,226,462,153,488
49. 9,226,462,153,488 × 4 =